107
1002
1004
1003
1005
1006
1009
1008
1007
1010
1011
1013
1001
1014
1015
1017
1018
1020
1022
1023
1024
1025
1026
1027
1030
1031
1032
1033
1019
1012
1021
1028
1101
1102
1103
1105
1110
1109
1111
1112
1117
1116
1118
1104
1121
1106
1122
1123
1125
1126
1127
1113
1115
1130
1029
1120
1128
1129
1124
1201
1202
1203
1204
1207
1206
1208
1210
1211
1107
1213
1216
1217
1218
1219
1205
1221
1223
1209
1226
1225
1119
1227
1214
1229
1230
1233
1234
1222
1236
1237
1224
1228
1231
1232
1238
1215
1302
1303
1306
1307
1309
1312
1313
1314
1315
1316
1317
1318
1319
1320
1322
1324
1325
1310
1311
1327
1328
1330
1331
1332
1333
1334
1335
1336
1337
1338
1339
1340
1326
1341
1308
1329
1402
1403
1406
1407
1409
1410
1412
1414
1415
1416
1417
1418
1419
1404
1420
1421
1423
1424
1425
1427
1430
1431
1432
1433
1434
1435
1436
1437
1422
1439
1440
1441
1426
1442
1428
1444
1446
1447
1448
1438
1408
1450
1451
1445
1454
1453
1457
1455
1452
1501
1502
1504
1506
1510
1511
1512
1513
1514
1515
1516
1503
1520
1521
1522
1524
1525
1526
1527
1528
1530
1301
1532
1533
1535
1523
1540
1542
1543
1544
1545
1531
1517
1546
1505
1547
1548
1536
1550
1549
1537
1552
1539
1554
1556
1558
1518
1553
1560
1602
1561
1607
1609
1610
1612
1613
1614
1615
1617
1618
1619
1604
1621
1622
1608
1626
1627
1628
1629
1630
1631
1616
1633
1634
1635
1637
1623
1638
1625
1640
1643
1644
1645
1646
1632
1647
1649
1650
1636
1651
1652
1639
1654
1656
1642
1657
1658
1611
1661
1662
1648
1663
1664
1555
1667
1653
1668
1655
1670
1672
1660
1665
1666
1669
1671
1701
1703
1704
1705
1707
1706
1709
1710
1712
1714
1713
1715
1716
1717
1718
1719
1721
1720
1708
1723
1724
1727
1728
1731
1734
1735
1736
1722
1737
1738
1740
1726
1742
1729
1744
1746
1747
1748
1749
1750
1751
1752
1753
1741
1756
1758
1745
1761
1762
1763
1766
1659
1769
1757
1770
1771
1760
1775
1732
1777
1778
1781
1782
1783
1739
1773
1776
1801
1803
1804
1805
1759
1807
1809
1811
1812
1813
1814
1816
1817
1818
1819
1820
1822
1774
1824
1810
1826
1827
1828
1829
1830
1831
1833
1834
1823
1839
1840
1733
1845
1847
1848
1849
1850
1836
1851
1852
1854
1856
1841
1843
1858
1860
1846
1862
1863
1864
1855
1825
1861
1853
1857
1904
1905
1906
1908
1909
1910
1912
1913
1915
1917
1902
1918
1920
1921
1922
1923
1925
1926
1927
1928
1929
1930
1916
1933
1919
1934
1936
1937
1939
1940
1941
1943
1945
1946
1932
1949
1935
1951
1952
1953
1954
1955
1957
1960
1947
1948
1962
1950
1965
1966
1967
1968
1970
1971
1958
1972
1975
1976
1977
1964
1978
1979
1969
1974
2001
2002
2004
1903
2008
2009
2010
2012
2015
2016
2017
1973
2018
2021
2007
2022
2024
2025
2026
2027
2028
2029
2030
1808
2031
2032
2034
2020
2036
2037
2023
2038
2040
2042
2043
2044
2045
2046
2047
2048
2049
2050
2051
2053
2006
2056
2057
2058
2059
2060
2061
2062
2063
2064
2065
2066
2067
2041
2039
2104
2105
2106
2107
2108
2109
2110
2111
2112
2113
2114
2101
2117
2119
2120
2121
2122
2123
2124
2125
2127
2126
2128
2116
2131
2118
2133
2135
2136
2137
2138
2139
2140
2141
2142
2129
2115
2143
2130
2144
2132
2145
2146
2147
2134
2148
2149
2151
2152
2150
2202
2204
2206
2209
2210
2211
2212
2213
2214
2215
2216
2201
2203
2220
2222
2224
2226
2227
2228
2229
2230
2231
2232
2234
2219
2235
2221
2237
2223
2239
2241
2242
2243
2244
2245
2246
2247
2233
2248
2240
2249
2217
2236
2238
2301
2303
2306
2307
2308
2309
2310
2311
2313
2315
2316
2320
2321
2322
2323
2324
2325
2326
2327
2328
2314
2329
2331
2332
2318
2333
1859
2335
2336
2338
2339
2340
2341
2342
2343
2344
2330
2345
2346
2347
2349
2334
2351
2352
2353
2355
2357
2356
2359
2360
2361
2348
2354
2350
2337
2402
2404
2405
2406
2408
2407
2411
2412
2414
2416
2417
2419
2403
2420
2421
2422
2423
2410
2427
2428
2429
2430
2431
2432
2418
2435
2436
2437
1961
2439
2424
2441
2443
2444
2445
2446
2447
2448
2434
2449
2452
2438
2440
2456
2409
2458
2459
2460
2461
2462
2463
2464
2465
2467
2469
2470
2455
2457
2472
2475
2476
2477
2478
2466
2481
2468
2483
2484
2485
2487
2488
2490
2491
2492
2493
2494
2480
2495
2496
2497
2499
2454
2502
2504
2505
2506
2507
2508
2509
2510
2511
2498
2512
2514
2501
2471
2517
2518
2519
2520
2523
2524
2526
2527
2528
2529
2530
2515
2486
2534
2536
2535
2521
2537
2540
2541
2542
2543
2544
2545
2546
2547
2533
2549
2551
2552
2553
2538
2555
2556
2558
2559
2560
2561
2562
2563
2548
2564
2565
2566
2567
2554
2569
2571
2572
2573
2575
2576
2577
2579
2580
2581
2582
2568
2583
2584
2585
2578
2587
2588
2482
2591
2590
2362
2594
2596
2489
2598
2599
2602
2603
2589
2605
2592
2607
2593
2595
2608
2597
2612
2613
2614
2616
2617
2620
2621
2622
2623
2624
2625
2626
2627
2610
2522
2632
2633
2634
2635
2636
2637
2638
2639
2640
2641
2642
2643
2629
2644
2646
2647
2648
2649
2650
2651
2653
2426
2654
2645
2611
2615
2208
2702
2703
2706
2707
2708
2709
2710
2713
2714
2716
2718
2705
2720
2722
2723
2724
2725
2711
2728
2730
2731
2732
2733
2735
2628
2738
2740
2742
2744
2746
2747
2749
2750
2752
2737
2754
2755
2741
2759
2760
2762
2748
2764
2765
2766
2767
2768
2769
2770
2771
2772
2757
2774
2775
2777
2778
2763
2779
2781
2782
2783
2784
2785
2786
2773
2788
2789
2776
2791
2792
2780
2795
2797
2798
2799
2753
2801
2790
2804
2805
2806
2808
2810
2796
2811
2812
2813
2815
2802
2819
2820
2821
2822
2823
2826
2827
2828
2829
2814
2831
2834
2835
2836
2837
2838
2839
2825
2840
2841
2842
2843
2844
2618
2846
2807
2851
2852
2845
2816
2847
2818
2856
2855
2853
2854
2857
2858
2848
2830
2904
2905
2906
2907
2909
2908
2911
2903
2902
2901
2726
2721
2550
2532
2055
3007
3013
3010
3008
3012
3009
3014
3004
3018
3025
3027
3026
3030
3031
3032
3033
3034
3036
3035
3016
3017
3037
3023
3029
3043
3041
3042
3047
3048
3049
3050
3052
3051
3038
3040
3006
3005
3056
3057
3045
3060
3063
3015
3065
3066
3067
3068
3069
3054
3019
3071
3022
3059
3062
3101
3104
3106
3107
3110
3111
3112
3113
3114
3115
3116
3117
3118
3070
3120
3123
3108
3125
3124
3127
3128
3129
3131
3130
3020
3119
3024
3133
3132
3135
3122
3137
3138
3126
3140
3141
3142
3145
3146
3147
3148
3149
3150
3134
3136
3044
3109
3144
3058
3121
3064
3202
3201
3206
3209
3211
3212
3213
3215
3216
3217
3203
3218
3219
3221
3222
3225
3226
3227
3229
3230
3231
3232
3233
3235
3234
3236
3239
3243
3228
3244
3139
3246
3247
3249
3252
3237
3254
3256
3257
3242
3258
3248
3255
3259
3061
3253
3302
3303
3306
3307
3310
3313
3205
3315
3301
3316
3318
3319
3305
3321
3322
3323
3326
3325
3312
3327
3328
3314
3330
3317
3332
3333
3320
3337
3338
3324
3339
3340
3342
3343
3344
3345
3347
3348
3334
3350
3351
3336
3354
3355
3356
3357
3358
3359
3360
3346
3361
3349
3353
3143
3362
3403
3405
3406
3408
3409
3411
3412
3413
3414
3416
3415
3418
3404
3419
3421
3422
3424
3410
3425
3426
3428
3429
3430
3431
3432
3433
3434
3420
3329
3437
3438
3440
3439
3427
3442
3445
3446
3447
3448
3449
3450
3435
3220
3452
3453
3454
3455
3456
3443
3459
3460
3461
3462
3463
3464
3465
3466
3451
3467
3470
3471
3472
3473
3458
3475
3476
3477
3478
3479
3480
3481
3482
3483
3441
3474
3484
3502
3457
3503
3505
3507
3508
3510
3511
3512
3514
3515
3469
3517
3518
3520
3506
3523
3524
3525
3526
3527
3528
3529
3530
3531
3516
3533
3535
3537
3538
3539
3540
3541
3542
3543
3545
3546
3547
3501
3548
3550
3536
3551
3555
3554
3556
3509
3558
3544
3561
3562
3563
3564
3565
3566
3567
3553
3568
3341
3571
3572
3557
3574
3560
3575
3577
3578
3532
3579
3581
3582
3584
3569
3585
3586
3588
3589
3590
3591
3576
3593
3594
3580
3596
3597
3598
3601
3602
3603
3604
3605
3606
3592
3607
3608
3610
3611
3613
3599
3614
3616
3617
3570
3618
3620
3573
3623
3624
3625
3626
3627
3519
3629
3615
3630
3631
3633
3587
3634
3636
3621
3638
3639
3640
3641
3642
3628
3595
3644
3646
3632
3647
3648
3635
3650
3652
3653
3654
3655
3656
3657
3658
3659
3660
3645
3661
3662
3619
3207
3643
3649
3702
3703
3704
3705
3706
3707
3709
3710
3711
3701
3609
3717
3719
3718
3720
3721
3722
3723
3724
3725
3726
3712
3729
3730
3731
3732
3734
3735
3736
3737
3738
3739
3740
3727
3522
3708
3713
3715
3549
3802
3803
3804
3805
3806
3807
3809
3811
3814
3815
3816
3817
3818
3819
3820
3822
3823
3825
3810
3827
3828
3829
3830
3831
3832
3833
3834
3835
3728
3836
3837
3824
3839
3826
3843
3844
3845
3846
3801
3849
3850
3851
3852
3838
3853
3855
3841
3857
3858
3859
3861
3862
3863
3848
3865
3866
3867
3854
3870
3872
3875
3860
3651
3881
3882
3883
3885
3887
3877
3880
3884
3886
3856
3902
3903
3904
3905
3906
3907
3908
3909
3864
3911
3914
3916
3915
3918
3919
3920
3874
3921
3924
3923
3910
3925
3927
3928
3913
3931
3917
3932
3934
3935
3937
3939
3940
3926
3941
3942
3944
3945
3716
3933
3948
3936
3949
3951
3938
3952
3954
3955
3956
3957
3958
3959
3960
3961
3947
3962
3963
3950
3922
3965
3912
3966
3969
3968
3970
3971
3972
3973
3974
3975
3976
3977
3980
3964
3983
3982
3967
3984
3986
3987
3988
3990
3991
3992
3993
3946
3994
3995
3981
3996
3985
4002
4003
4004
3901
4005
4007
4011
4012
4013
4014
4015
4018
4017
4021
4008
4023
3979
3978
4028
4025
4024
4029
4031
4032
4033
3929
4034
4036
4035
4037
4039
3813
4040
4027
4043
4044
4045
4047
4001
4048
4050
4051
4052
4053
4006
4054
4056
4041
4042
4058
4059
3953
4061
4063
4064
4065
4066
4067
4068
4069
4071
4072
4026
4075
4076
4077
4062
4078
4080
4081
4082
4084
4085
4086
4087
4088
4073
4090
4091
4092
4046
4093
4094
4095
4096
4097
4098
4099
4101
4102
4089
4060
4074
4079
4022
4038
4049
4203
4204
4202
3331
4302
4303
4305
4306
4307
4308
4309
4310
4311
4312
4313
4314
4315
4316
4318
4319
4320
4322
4323
4324
4325
4317
4321
4301
4401
4402
4403
4405
4404
4407
4410
4412
4411
4414
4415
4416
4418
4419
4421
4420
4422
4423
4409
4425
4408
4427
4428
4413
4431
4417
4432
4433
4435
4436
4437
4438
4424
4439
4426
4440
4442
4443
4430
4434
4441
4444
4429
4503
4504
4506
4505
4507
4508
4509
4511
4510
4514
4515
4516
4517
4520
4521
4523
4524
4525
4526
4527
4513
4528
4055
4530
4531
4532
4519
4533
4534
4535
4539
4537
4538
4540
4542
4541
4501
4545
4547
4549
4550
4548
4536
4551
4552
4553
4554
4543
4556
4544
4560
4561
4562
4546
4564
4518
4567
4568
4522
4555
4571
4557
4573
4572
4566
4569
4601
4602
4603
4605
4559
4608
4609
4610
4611
4612
4565
4616
4570
4617
4619
4620
4621
4622
4607
4624
4626
4628
4613
4629
4632
4618
4633
4634
4635
4636
4637
4623
4625
4639
4641
4643
4630
4644
4645
4648
4647
4649
4650
4651
4652
4653
4638
4654
4655
4656
4642
4657
4658
4646
4659
4662
4663
4664
4665
4666
4627
4640
4701
4702
4703
4704
4660
4710
4713
4714
4715
4716
4717
4719
4720
4705
4706
4721
4707
4722
4723
4724
4711
4725
4726
4730
4733
4734
4736
4738
4737
4739
4740
4742
4743
4727
4729
4728
4746
4748
4735
4749
4750
4752
4754
4708
4741
4747
4755
4756
4758
4759
4744
4745
4761
4762
4763
4766
4767
4751
4770
4771
4772
4757
4773
4774
4775
4776
4777
4769
4563
4804
4806
4807
4805
4808
4760
4810
4764
4814
4815
4816
4817
4712
4818
4823
4822
4824
4825
4826
4827
4813
4829
4832
4833
4835
4834
4836
4837
4838
4839
4828
4841
4842
4840
4614
4831
4801
4844
4845
4847
4846
4848
4851
4852
4849
4850
4855
4856
4857
4843
4860
4859
4864
4865
4866
4868
4870
4853
4872
4765
4830
4862
4863
4877
4878
4879
4880
4881
4882
4871
4883
4888
4890
4876
4891
4892
4894
4895
4899
4898
4902
4903
4886
4861
4905
4904
4906
4893
4896
4910
4897
4914
4912
4913
4915
4916
4918
4922
4921
4920
4907
4911
4925
4926
4917
4927
4928
4930
4931
4889
4919
4887
4932
4923
4924
4934
4909
4940
4941
4939
4943
4944
4945
4948
4950
4951
4952
4953
4954
4958
4957
4942
4961
4962
4963
4966
4964
4965
4967
4968
4969
4970
4971
4972
4973
4960
4974
4975
4976
4978
4753
4980
4981
4933
4985
4938
4935
4987
4988
4989
4946
4977
3021
4995
4997
4983
4984
5002
4986
5003
4991
5006
5005
5008
4994
4993
5009
5011
5012
5013
4908
5001
5016
5018
5019
5020
5021
5007
5023
5024
5025
5026
5027
5029
5028
5015
4982
5032
5033
5034
5035
5022
5038
5040
4811
5041
5042
5044
4998
5030
5031
4999
5048
5049
5050
5051
5037
5053
5055
5056
5057
5058
5059
5060
5014
5017
5063
5064
5065
5066
5054
5061
5043
5047
5052
4873
5103
5104
5105
5106
5107
5108
5111
5112
5113
5004
5115
5116
5117
5102
5120
5121
5123
5124
5125
5109
5126
5128
5129
5130
5131
5132
5133
5135
5136
5122
5138
5139
5127
5134
5141
3208
5206
5205
5207
5208
5209
5211
5212
5110
5213
5216
5204
5219
5220
5223
5224
5217
5222
5045
5301
5303
5302
5306
5305
5307
5308
5309
5311
5312
5313
5315
5316
5304
5317
5320
5323
5214
5215
5324
5325
5221
5328
5314
5329
5330
5332
5331
5318
5326
5319
5321
5401
5402
5404
5408
5409
5410
5411
5412
5413
5414
5415
5417
5418
5419
5420
5405
5421
5422
5424
4936
5425
5427
5428
5416
5431
5432
5436
5434
5423
5426
5439
5440
5442
5218
5444
5433
5446
5447
5435
5437
5407
5448
5501
5506
5507
5508
5509
5510
5511
5512
5513
5514
5516
5517
5505
5519
5520
5515
5523
5525
5524
5039
5526
5528
5529
5530
5531
5532
5533
5518
5522
5527
5601
5602
5604
5605
5606
5609
5613
5614
5616
5617
5619
5603
5620
5621
5623
5624
5612
5628
5630
5631
5632
5633
5635
5636
5622
5637
5638
5640
5641
5642
5629
5644
5645
5649
5648
5650
5651
5652
5653
5654
5639
5608
5655
5643
5658
5660
5647
5662
5664
5665
5666
5667
5668
5669
5670
5671
5672
5673
5627
5675
5676
5680
5681
5683
5685
5686
5687
5674
5679
5701
5657
5689
5702
5706
5661
5707
5708
5710
5713
5714
5715
5716
5703
5718
5719
5720
5721
5722
5723
5724
5712
5726
5725
5728
5729
5730
5731
5733
5735
5734
5736
5737
5738
5740
5739
5727
5741
5743
5742
5732
5744
5745
5747
5746
5748
5749
5750
5709
5751
5752
5756
5757
5754
5755
5760
5761
5763
5764
5766
5767
5765
5769
5663
5770
5771
5772
5758
5759
5773
5682
5684
5753
5802
5803
5805
5807
5808
5810
5811
5812
5813
5814
5801
5815
5817
5818
5819
5806
5822
5823
5826
5827
5828
5829
5830
5816
5831
5832
5833
5820
5834
5821
5838
5840
5841
5842
5843
5845
5836
5846
5847
5848
5849
5835
5839
5762
5901
5903
5904
5908
5909
5910
5911
5912
5914
5915
5916
5917
5918
5920
5906
5921
5922
5924
5925
5926
5927
5913
5928
5824
5930
5932
5704
5934
5919
5936
5937
5938
5923
5939
5940
5941
5943
5944
5929
5945
5931
5947
5902
5935
5950
5844
5952
5953
5954
5942
5955
5957
5959
5960
5946
5962
5963
5964
5965
5951
5966
5968
5969
5970
5956
5972
5971
5973
5974
5961
5976
5977
5979
5978
5980
5981
5975
5948
5949
6001
6002
6003
6005
6004
6007
6011
6013
6012
5967
6017
6018
6019
6021
6020
6022
6023
6024
6025
6009
6026
6027
6028
6015
6030
6031
6032
6033
6034
6036
6035
5809
6037
6039
6040
5933
6042
6044
6045
6046
6048
6049
6051
6052
6053
6006
6038
6010
6043
6014
6047
6016
6050
6054
6041
6102
6103
6104
6105
6106
6107
6109
6111
6112
6113
6114
6115
6101
6116
6118
6119
6120
6122
6108
6123
6125
6126
6127
6128
6117
6029
6124
6121
6201
6202
6204
6206
6205
6203
5327
6301
6302
6303
6304
6305
6306
6307
6308
6309
6311
6312
6313
6314
6315
6316
6317
6318
6319
6320
6321
6322
6310
6401
6402
6403
6404
6407
6408
6410
6411
6412
6413
6414
6415
6416
6417
6418
6419
6420
6405
6406
6409
6425
6426
6427
6428
6429
6430
6431
6432
6433
6434
6435
6436
6437
6422
6438
6439
6421
6424
6503
6505
6507
6508
6509
6510
6512
6504
6511
6601
6602
6603
6604
6606
6607
6608
6609
6610
6506
6605
5774
6702
6701
6705
6703
6704
6706
6707
6708
6710
6709
6712
6716
6713
6711
6714
6717
6715
6721
6718
6722
6719
6720
6723
6801
6802
6803
6806
6808
6805
6809
6807
6811
6810
6812
6815
6814
6813
6821
6817
6818
6819
6822
6823
6827
6824
6826
6825
6829
6828
6820
6831
6834
6832
6840
6836
6842
6841
6833
6838
6835
6839
6843
6837
6844
6830
6847
6846
6851
6850
6849
6848
6852
6906
6903
6902
6905
6910
6909
6907
6908
6916
6913
6911
6912
6914
6915
6917
6918
6919
6920
6921
6923
6922
6924
6927
6925
6926
6928
6929
6930
6935
6936
6937
6938
6931
6933
5449
7002
7001
7004
7003
7005
7006
7007
7008
7009
7011
7010
7012
7014
7013
7016
7015
7019
7020
7022
7023
7025
7027
7028
7030
7032
7035
7036
7017
7018
7024
7026
7029
7021
7034
7033
7102
7103
7105
7107
7108
7109
7111
7112
7113
7114
7116
7117
7118
7120
7121
7123
7124
7126
7125
7128
7129
7130
7131
7132
7134
7119
7136
7137
7138
7031
7140
7143
7144
7146
7147
7148
7150
7135
7152
7153
7154
7155
7156
7157
7158
7159
7160
7145
7161
7163
7164
7149
7151
7166
7167
7168
7170
7172
7173
7174
7175
7162
7176
7177
7165
7133
7178
7180
7181
7182
7184
7141
7185
7186
7189
7191
7192
7193
7194
7195
7179
7196
7198
7199
7201
7187
7203
7205
7208
7209
7210
7197
7212
7215
7169
7217
7204
7219
7221
7206
7222
7223
7224
7226
7227
7228
7214
7230
7231
7232
7218
7233
7220
7235
7238
7237
7239
7240
7225
7242
7243
7229
7244
7246
7247
7248
7234
7249
7236
7251
7252
7253
7207
7241
7256
7257
7258
7213
7261
7262
7263
7265
7266
7267
7268
7269
7270
7271
7272
7274
7259
7275
7276
7278
7279
7280
7281
7282
7283
7284
7285
7286
7287
7273
7288
7289
7277
7245
7301
7302
7303
7304
7290
7305
7306
7260
7310
7311
7264
7312
7314
7316
7317
7318
7319
7320
7321
7307
7324
7216
7325
7326
7328
7330
7332
7333
7334
7322
7323
7329
7308
7309
7250
7327
7401
7402
7404
7405
7406
7407
7408
7409
7410
7413
7414
7415
7416
7417
7188
7419
7403
7421
7422
7423
7424
7425
7426
7427
7429
7430
7431
7432
7418
7434
7435
7420
7437
7439
7440
7441
7442
7443
7444
7446
7433
7447
7448
7449
7451
7452
7438
7453
7455
7454
7456
7450
7411
7412
7459
7460
7462
7463
7461
7457
7445
7505
7502
7507
7508
7509
7511
7510
7513
7515
7516
7503
7501
7504
7506
7518
7517
7520
7522
7524
7523
7525
7519
7526
7528
7458
7527
7601
7602
7603
7604
7605
7607
7608
7609
7610
7614
7616
7621
7620
7622
7611
7623
7613
7626
7615
7629
7630
7635
7636
7638
7639
7641
7645
7646
7647
7648
7649
7650
7651
7652
7653
7658
7660
7661
7662
7665
7667
7669
7670
7654
7675
7674
7676
7677
7678
7681
7682
7683
7685
7686
7671
7673
7688
7643
7691
7692
7693
7694
7695
7697
7698
7699
7702
7703
7704
7690
7706
7708
7709
7710
7711
7712
7713
7714
7718
7717
7719
7720
7721
7722
7724
7727
7728
7729
7730
7731
7732
7733
7734
7689
7735
7736
7737
7738
7740
7742
7744
7746
7747
7748
7750
7749
7705
7521
7751
7752
7753
7754
7756
7757
7758
7759
7715
7761
7657
7765
7764
7767
7768
7769
7770
7771
7772
7773
7775
7776
7777
7779
7780
7781
7766
7782
7785
7786
7741
7787
7774
7790
7791
7792
7793
7794
7795
7797
7798
7799
7801
7755
7788
7806
7807
7808
7763
7809
7812
7707
7813
7814
7815
7816
7803
7820
7805
7821
7822
7823
7825
7826
7827
7828
7830
7783
7834
7835
7836
7837
7838
7824
7840
7841
7842
7843
7844
7845
7846
7832
7850
7851
7852
7853
7856
7810
7857
7858
7859
7860
7862
7863
7848
7868
7869
7870
7871
7873
7874
7861
7876
7877
7878
7864
7880
7882
7867
7884
7839
7886
7887
7888
7889
7891
7892
7893
7879
7847
7896
7898
7883
7885
7902
7903
7904
7905
7906
7907
7909
7895
7911
7897
7912
7914
7899
7916
7917
7919
7920
7921
7922
7923
7910
7924
7925
7926
7881
7928
7915
7929
7931
7932
7935
7936
7937
7938
7940
7943
7944
7942
7901
7948
7946
7947
7950
7954
7941
7913
7955
7956
7958
7855
7961
7963
7962
7953
7739
7964
7965
7969
7970
7966
7972
7973
7974
7930
7959
7975
7977
7976
7978
7980
7979
8002
8003
8001
8004
8005
8008
8007
8009
8013
8015
8014
8018
8019
7789
8020
8021
8022
8023
8025
8027
8030
8032
8017
8034
8036
8039
8038
8040
8041
7934
8043
8044
8045
8049
8048
8035
8050
8052
8053
8006
8055
8011
8046
8047
8051
8054
7967
8103
8104
8106
8107
8113
8105
8115
8117
8118
8119
8120
8121
8122
8124
8125
8109
8110
8108
8111
8112
8127
8114
7968
8201
8202
8203
8205
8206
8208
8209
8213
8212
8215
8216
8217
8218
8219
8221
8222
8223
8224
8225
8226
8211
8227
8230
8231
8232
8233
8234
8235
8238
8239
8240
8241
8228
8247
8248
8249
8250
8246
8252
8207
8210
7762
8253
8255
8256
8254
8259
8260
8262
8265
8264
8257
8261
8263
8251
8302
8304
8305
8306
8307
8308
8309
8310
8311
8312
8313
8314
8316
8301
8318
8319
8322
8323
8324
8326
8327
8333
8334
8320
8336
8337
8339
8340
8341
8342
8343
8345
8346
8332
8347
8349
8335
8352
8353
8338
8355
8356
8357
8358
8359
8360
8361
8362
8363
8348
8350
8351
8364
8367
8369
8354
8267
8401
8403
8404
8405
8407
8406
8408
8410
8303
8411
8412
8366
8413
8414
8416
8402
8419
8420
8422
8423
8425
8426
8427
8429
8431
8415
8417
8418
8434
8421
8441
8442
8443
8428
8444
8446
8432
8447
8435
8438
8424
8368
8433
8010
8258
8448
8502
8503
8507
8508
8509
8513
8514
8515
8501
8519
8504
8510
8517
8445
8511
8601
8602
8603
8605
8606
8607
8608
8609
8611
8612
8614
8615
8616
8613
8610
8266
8702
8701
8703
8365
6932
6934
